$ANSIBLE_VAULT;1.1;AES256
31653134373832303533623663383466333932646666313563633037316561306233383531323766
3130646439313236346234613031363264313863326137620a623431386532383564326630386430
65656162623037633565626166306536373830366663383062306365363538303663313332393365
6239613530616537380a316136303432323937323136613133626436383032633739656430393633
62613431633763316266353839353839323332373937323836313766303231353663653439303337
61336234616263666232376435323663376365626530316165373634313838373061326366663638
34306633386232366161343333653234353039393034306662396638646135373266336636616664
36333234636332666563643430643966656631313631303837643365316663373863653935656232
37663264393862313932663536313037366266336138323136313963616664373862356266336461
32313662373362626233666336306230336635356332346434323833643164613063313133306638
30336238653636363662343063316361343437653539363565376437393637306232303766366537
33376561303361353537353966343730346634656261333863393533613762396135616264646537
33663332613632633562383066333466343636303739623437643663653532363731333038326333
65303461333830663633376166663531373134313035303365386161326438656537356531383833
34343334653464363838346162626337363161333531386563646661343465316137353937623534
34306538323837336166383632356236613563306163303939353834663038383337643963333165
34656336666665623165393564306463616163333137346465643230623764616464353062393735
36323530356135643964333164303439346265393363653231333135326639313934326562376162
39643666666662343866353661613066363466636337623931613864343865343538396233313938
61326332313764666366336464643764333865623037643539633739363232633564356362623264
38343833663131386236303461366237383163643036343563653538653332643836333835363835
34656237336431373263353766313765616631353232306265306330636564376333346561393937
35636266646537393939363863663935663961663334396562646662363466623232383364303664
38633038393462316235656462313838323262623434353837653838626466303435323137316633
32663134633831343337306134333065373362343866663433383532623238353733
